# address to multiplicative factor LUT
# maps 8 bits to 10 bits
# anything after # is ignored with the exception of the header
# the header is first valid line starting with #<header> versionStr nrBitsAddress nrBitsData </header>
#<header> v1 8 10 </header>
0 512  # eta_bin 0, pt 0
1 1023
2 1012
3 1012
4 662
5 576
6 623
7 553
8 541
9 536
10 532
11 525
12 512
13 518
14 534
15 615
16 512  # eta_bin 1, pt 0
17 1023
18 1023
19 1023
20 662
21 576
22 623
23 607
24 541
25 565
26 532
27 525
28 523
29 524
30 540
31 647
32 512  # eta_bin 2, pt 0
33 1023
34 1012
35 1012
36 662
37 576
38 623
39 607
40 581
41 536
42 532
43 544
44 523
45 530
46 549
47 672
48 512  # eta_bin 3, pt 0
49 1023
50 1012
51 1012
52 864
53 659
54 623
55 607
56 581
57 565
58 552
59 544
60 543
61 554
62 571
63 703
64 512  # eta_bin 4, pt 0
65 1023
66 1012
67 1012
68 662
69 576
70 623
71 553
72 541
73 536
74 512
75 512
76 500
77 505
78 525
79 649
80 512  # eta_bin 5, pt 0
81 1023
82 512
83 512
84 662
85 659
86 623
87 607
88 609
89 565
90 552
91 557
92 543
93 537
94 549
95 633
96 512  # eta_bin 6, pt 0
97 903
98 854
99 854
100 800
101 659
102 678
103 607
104 609
105 588
106 571
107 573
108 563
109 554
110 560
111 601
112 512  # eta_bin 7, pt 0
113 726
114 726
115 726
116 726
117 726
118 726
119 730
120 730
121 730
122 730
123 730
124 730
125 730
126 729
127 729
128 512  # eta_bin 8, pt 0
129 708
130 705
131 705
132 705
133 705
134 705
135 705
136 705
137 702
138 702
139 702
140 702
141 702
142 702
143 702
144 512  # eta_bin 9, pt 0
145 708
146 700
147 700
148 700
149 700
150 700
151 700
152 700
153 700
154 706
155 706
156 706
157 706
158 706
159 706
160 512  # eta_bin 10, pt 0
161 708
162 689
163 689
164 689
165 689
166 689
167 701
168 701
169 697
170 697
171 697
172 697
173 697
174 697
175 697
