# address to addition LUT
# maps 8 bits to 10 bits
# anything after # is ignored with the exception of the header
# the header is first valid line starting with #<header> versionStr(unused but may be in future) nrBitsAddress nrBitsData </header>
#<header> v1 8 8 </header>
0 0  # eta_bin 0, pt 0
1 2
2 3
3 3
4 34
5 43
6 38
7 47
8 49
9 50
10 51
11 53
12 58
13 55
14 46
15 -36
16 0  # eta_bin 1, pt 0
17 1
18 2
19 2
20 33
21 42
22 37
23 39
24 49
25 45
26 52
27 54
28 55
29 55
30 45
31 -61
32 0  # eta_bin 2, pt 0
33 1
34 1
35 1
36 32
37 41
38 36
39 38
40 42
41 50
42 51
43 48
44 55
45 52
46 41
47 -82
48 0  # eta_bin 3, pt 0
49 1
50 2
51 2
52 15
53 36
54 40
55 43
56 47
57 50
58 53
59 56
60 56
61 51
62 41
63 -89
64 0  # eta_bin 4, pt 0
65 2
66 3
67 3
68 34
69 43
70 38
71 47
72 49
73 50
74 56
75 56
76 60
77 58
78 46
79 -77
80 0  # eta_bin 5, pt 0
81 1
82 41
83 42
84 29
85 30
86 34
87 36
88 35
89 44
90 47
91 45
92 50
93 53
94 46
95 -39
96 0  # eta_bin 6, pt 0
97 -1
98 4
99 4
100 9
101 23
102 20
103 30
104 30
105 34
106 38
107 39
108 42
109 46
110 43
111 1
112 0  # eta_bin 7, pt 0
113 -1
114 -1
115 -1
116 -1
117 -1
118 -1
119 -1
120 -1
121 -1
122 -1
123 -1
124 -1
125 -1
126 -1
127 -1
128 0  # eta_bin 8, pt 0
129 -1
130 -1
131 -1
132 -1
133 -1
134 -1
135 -1
136 -1
137 0
138 0
139 0
140 0
141 0
142 0
143 0
144 0  # eta_bin 9, pt 0
145 -1
146 0
147 0
148 0
149 0
150 0
151 0
152 0
153 0
154 -1
155 -1
156 -1
157 -1
158 -1
159 -1
160 0  # eta_bin 10, pt 0
161 -1
162 0
163 0
164 0
165 0
166 0
167 -1
168 -1
169 0
170 0
171 0
172 0
173 0
174 0
175 0
